5000	0.6302
10000	0.585
15000	0.535267
20000	0.52325
25000	0.51284
30000	0.498367
35000	0.481771
40000	0.4691
45000	0.455
50000	0.44646
55000	0.438545
60000	0.430083
65000	0.424262
70000	0.4169
75000	0.412293
80000	0.405637
85000	0.400918
90000	0.396256
95000	0.392905
100000	0.39025
105000	0.38539
110000	0.375155
115000	0.366078
120000	0.358808
125000	0.351968
130000	0.344308
135000	0.337985
140000	0.332521
145000	0.327393
150000	0.323387
155000	0.319419
160000	0.314994
165000	0.310388
170000	0.305612
175000	0.30092
180000	0.296478
185000	0.292427
190000	0.288947
195000	0.285108
200000	0.281595
205000	0.278341
210000	0.275376
215000	0.273
220000	0.269964
225000	0.267351
230000	0.265026
235000	0.262468
240000	0.260054
245000	0.257829
250000	0.255492
255000	0.253569
260000	0.251677
265000	0.249415
270000	0.246919
275000	0.245015
280000	0.244318
285000	0.243702
290000	0.243041
295000	0.240885
300000	0.238773
305000	0.23681
310000	0.235287
315000	0.233603
320000	0.232019
325000	0.230289
330000	0.22837
335000	0.227006
340000	0.225862
345000	0.224588
350000	0.223369
355000	0.222003
360000	0.220661
365000	0.219756
370000	0.218622
375000	0.217384
380000	0.216287
385000	0.214995
390000	0.213856
395000	0.2126
400000	0.211762
405000	0.210793
410000	0.210166
415000	0.209277
420000	0.20844
425000	0.2076
430000	0.207174
435000	0.206949
440000	0.206255
445000	0.205557
450000	0.20506
455000	0.204719
460000	0.204543
465000	0.204594
470000	0.204832
475000	0.204869
480000	0.205027
485000	0.205223
490000	0.205392
495000	0.205513
500000	0.205924
505000	0.206309
510000	0.206661
515000	0.207023
520000	0.207354
525000	0.207539
530000	0.207508
535000	0.207531
540000	0.207557
545000	0.207495
550000	0.207602
555000	0.207771
560000	0.207759
565000	0.207825
570000	0.207814
575000	0.207802
580000	0.207907
585000	0.207973
590000	0.208008
595000	0.207904
600000	0.207763
605000	0.207431
610000	0.206985
615000	0.206437
620000	0.205821
625000	0.205246
630000	0.204703
635000	0.204268
640000	0.203744
645000	0.203181
650000	0.202598
655000	0.202183
660000	0.201892
665000	0.201454
670000	0.201078
675000	0.200604
680000	0.200256
685000	0.199934
690000	0.199567
695000	0.199141
700000	0.198726
705000	0.198298
710000	0.197944
715000	0.19772
720000	0.197539
725000	0.197268
730000	0.196978
735000	0.196634
740000	0.19622
745000	0.195528
750000	0.194848
755000	0.194446
760000	0.194097
765000	0.193682
770000	0.193178
775000	0.192566
780000	0.192386
785000	0.192048
790000	0.191582
795000	0.191631
800000	0.191501
805000	0.19137
810000	0.191386
815000	0.191491
820000	0.190932
825000	0.19045
830000	0.189858
835000	0.189317
840000	0.188821
845000	0.188574
850000	0.18836
855000	0.188084
860000	0.187895
865000	0.187827
870000	0.187808
875000	0.187735
880000	0.187728
885000	0.187845
890000	0.187865
895000	0.18793
900000	0.188032
905000	0.188167
910000	0.188271
915000	0.188483
920000	0.188634
925000	0.188605
930000	0.188601
935000	0.188503
940000	0.188319
945000	0.18823
950000	0.188059
955000	0.187868
960000	0.187611
965000	0.187298
970000	0.187046
975000	0.186836
980000	0.186585
985000	0.186272
990000	0.185885
995000	0.185557
1000000	0.185281
1005000	0.184989
1010000	0.184716
1015000	0.184334
1020000	0.18391
1025000	0.183488
1030000	0.183178
1035000	0.182854
1040000	0.182546
1045000	0.18222
1050000	0.18185
1055000	0.181491
1060000	0.181099
1065000	0.180751
1070000	0.180465
1075000	0.180181
1080000	0.17979
1085000	0.179372
1090000	0.179049
1095000	0.178671
1100000	0.178382
1105000	0.178181
1110000	0.178195
1115000	0.178173
1120000	0.177923
1125000	0.177746
1130000	0.177528
1135000	0.17741
1140000	0.177212
1145000	0.177007
1150000	0.176806
1155000	0.176651
1160000	0.176368
1165000	0.17611
1170000	0.175782
1175000	0.175624
1180000	0.175381
1185000	0.175208
1190000	0.175166
1195000	0.175065
1200000	0.174987
1205000	0.174929
1210000	0.174883
1215000	0.174913
1220000	0.174806
1225000	0.174804
1230000	0.174768
1235000	0.174698
1240000	0.174642
1245000	0.17461
1250000	0.174632
1255000	0.174755
1260000	0.174841
1265000	0.174866
1270000	0.174946
1275000	0.175027
1280000	0.175184
1285000	0.175219
1290000	0.175287
1295000	0.175358
1300000	0.175288
1305000	0.175256
1310000	0.175279
1315000	0.175252
1320000	0.175232
1325000	0.175236
1330000	0.175146
1335000	0.175079
1340000	0.17494
1345000	0.174848
1350000	0.174727
1355000	0.174625
1360000	0.174498
1365000	0.174275
1370000	0.174008
1375000	0.173751
1380000	0.173491
1385000	0.173269
1390000	0.173083
1395000	0.172849
1400000	0.172669
1405000	0.172504
1410000	0.172391
1415000	0.172257
1420000	0.172107
1425000	0.171914
1430000	0.171731
1435000	0.171543
1440000	0.171353
1445000	0.171154
1450000	0.17093
1455000	0.17067
1460000	0.170617
1465000	0.17043
1470000	0.170139
1475000	0.169833
1480000	0.169496
1485000	0.169252
1490000	0.16912
1495000	0.169216
1500000	0.169283
1505000	0.169279
1510000	0.169181
1515000	0.169143
1520000	0.169222
1525000	0.16926
1530000	0.169367
1535000	0.16945
1540000	0.169543
1545000	0.169661
1550000	0.169802
1555000	0.169938
1560000	0.170065
1565000	0.170191
1570000	0.170345
1575000	0.170538
1580000	0.170698
1585000	0.170808
1590000	0.170897
1595000	0.170819
1600000	0.170797
1605000	0.170683
1610000	0.170567
1615000	0.170467
1620000	0.170356
1625000	0.170225
1630000	0.170072
1635000	0.169946
1640000	0.169804
1645000	0.169653
1650000	0.169497
1655000	0.169347
1660000	0.16918
1665000	0.169053
1670000	0.16889
1675000	0.168692
1680000	0.168476
1685000	0.168314
1690000	0.168133
1695000	0.167944
1700000	0.167755
1705000	0.167587
1710000	0.167449
1715000	0.167278
1720000	0.167064
1725000	0.166901
1730000	0.166924
1735000	0.166961
1740000	0.166982
1745000	0.167607
1750000	0.168519
1755000	0.168675
1760000	0.168819
1765000	0.169057
1770000	0.16912
1775000	0.169189
1780000	0.169391
1785000	0.169822
1790000	0.169904
1795000	0.170156
1800000	0.170483
1805000	0.170832
1810000	0.171261
1815000	0.171725
1820000	0.17218
1825000	0.172555
1830000	0.172901
1835000	0.173266
1840000	0.17359
1845000	0.174001
1850000	0.174284
1855000	0.174477
1860000	0.17458
1865000	0.174668
1870000	0.174824
1875000	0.175091
1880000	0.175209
1885000	0.175323
1890000	0.175595
1895000	0.175891
1900000	0.176124
1905000	0.176361
1910000	0.176655
1915000	0.177254
1920000	0.177919
1925000	0.178198
1930000	0.178575
1935000	0.17893
1940000	0.179165
1945000	0.179426
1950000	0.179705
1955000	0.180162
1960000	0.180573
1965000	0.18102
1970000	0.18146
1975000	0.181944
1980000	0.182535
1985000	0.183095
1990000	0.183762
1995000	0.184321
2000000	0.184639
2005000	0.185016
2010000	0.185398
2015000	0.185773
2020000	0.186188
2025000	0.186615
2030000	0.186901
2035000	0.18721
2040000	0.187527
2045000	0.187734
2050000	0.187874
2055000	0.188064
2060000	0.188633
2065000	0.188775
2070000	0.188856
2075000	0.189065
2080000	0.189519
2085000	0.189987
2090000	0.190393
2095000	0.190812
2100000	0.1912
2105000	0.191567
2110000	0.191845
2115000	0.192028
2120000	0.192255
2125000	0.192517
2130000	0.192811
2135000	0.193126
2140000	0.193485
2145000	0.19387
2150000	0.194356
2155000	0.194839
2160000	0.195397
2165000	0.195905
2170000	0.196371
2175000	0.196737
2180000	0.197031
2185000	0.197144
2190000	0.197222
2195000	0.197238
2200000	0.197338
2205000	0.197511
2210000	0.197677
2215000	0.197826
2220000	0.19789
2225000	0.197922
2230000	0.197962
2235000	0.197983
2240000	0.197974
2245000	0.198133
2250000	0.198353
2255000	0.198624
2260000	0.198845
2265000	0.199071
2270000	0.199345
2275000	0.199473
2280000	0.199718
2285000	0.199945
2290000	0.200146
2295000	0.200512
2300000	0.20084
2305000	0.201256
2310000	0.201822
2315000	0.202387
2320000	0.202937
2325000	0.203447
2330000	0.20364
2335000	0.203873
2340000	0.204068
2345000	0.20424
2350000	0.204428
2355000	0.204642
2360000	0.204731
2365000	0.204736
2370000	0.204792
2375000	0.204868
2380000	0.204884
2385000	0.204912
2390000	0.204985
2395000	0.205041
2400000	0.205012
2405000	0.204985
2410000	0.20491
2415000	0.204969
2420000	0.205022
2425000	0.204972
2430000	0.204988
2435000	0.205023
2440000	0.205058
2445000	0.205074
2450000	0.205047
2455000	0.205045
2460000	0.205081
2465000	0.205144
2470000	0.205229
2475000	0.205376
2480000	0.20553
2485000	0.205777
2490000	0.206083
2495000	0.20644
2500000	0.206755
2505000	0.207007
2510000	0.207021
2515000	0.207021
2520000	0.207046
2525000	0.207012
2530000	0.207021
2535000	0.207066
2540000	0.207163
2545000	0.207283
2550000	0.207364
2555000	0.207359
2560000	0.207345
2565000	0.207395
2570000	0.207542
2575000	0.207661
2580000	0.207823
2585000	0.208141
2590000	0.208471
2595000	0.208796
2600000	0.209117
2605000	0.20943
2610000	0.209739
2615000	0.210097
2620000	0.210404
2625000	0.21087
2630000	0.211423
2635000	0.212077
2640000	0.212543
2645000	0.212975
2650000	0.213375
2655000	0.213809
2660000	0.214196
2665000	0.214589
2670000	0.214882
2675000	0.215131
2680000	0.215362
2685000	0.21557
2690000	0.215829
2695000	0.215969
2700000	0.216034
2705000	0.216138
2710000	0.216224
2715000	0.216267
2720000	0.216328
2725000	0.216383
2730000	0.216614
2735000	0.217
2740000	0.217293
2745000	0.217408
2750000	0.217641
2755000	0.217905
2760000	0.218149
2765000	0.218448
2770000	0.218778
2775000	0.219153
2780000	0.219612
2785000	0.220177
2790000	0.220853
2795000	0.221602
2800000	0.222315
2805000	0.222635
2810000	0.223022
2815000	0.22332
2820000	0.223589
2825000	0.223789
2830000	0.223993
2835000	0.224149
2840000	0.224295
2845000	0.224483
2850000	0.224633
2855000	0.224754
2860000	0.224843
2865000	0.224926
2870000	0.224956
2875000	0.224927
2880000	0.224918
2885000	0.22517
2890000	0.225275
2895000	0.225335
2900000	0.225471
2905000	0.225616
2910000	0.22574
2915000	0.225885
2920000	0.22604
2925000	0.226149
2930000	0.226288
2935000	0.226464
2940000	0.226624
2945000	0.226887
2950000	0.227156
2955000	0.227394
2960000	0.227614
2965000	0.227916
2970000	0.228196
2975000	0.228498
2980000	0.228814
2985000	0.229067
2990000	0.229347
2995000	0.229547
3000000	0.229783
3005000	0.230006
3010000	0.230238
3015000	0.230406
3020000	0.230524
3025000	0.230671
3030000	0.230863
3035000	0.231062
3040000	0.231168
3045000	0.231301
3050000	0.231433
3055000	0.231547
3060000	0.231883
3065000	0.232021
3070000	0.232064
3075000	0.232182
3080000	0.232275
3085000	0.232332
3090000	0.232483
3095000	0.232645
3100000	0.232657
3105000	0.232726
3110000	0.232807
3115000	0.232982
3120000	0.233192
3125000	0.233552
3130000	0.233891
3135000	0.234196
3140000	0.234522
3145000	0.234857
3150000	0.23519
3155000	0.235493
3160000	0.235788
3165000	0.236097
3170000	0.236411
3175000	0.236701
3180000	0.237009
3185000	0.237314
3190000	0.237624
3195000	0.237926
3200000	0.238053
3205000	0.238163
3210000	0.238206
3215000	0.238249
3220000	0.238308
3225000	0.238328
3230000	0.238289
3235000	0.238235
3240000	0.238251
3245000	0.238305
3250000	0.238405
3255000	0.238498
3260000	0.238636
