10910
16541
66070
160640
96422
12462
103806
77241
103806
51076
100614
45720
152353
150438
100614
103806
147088
5362
33976
160610
66070
96422
100614
149369
153464
69423
58860
69423
44170
44170
20651
146182
106604
73744
106604
35043
86518
3549
47495
3549
160632
160513
15712
8034
56323
41254
25115
15712
144550
124660
144550
154298
57987
94189
57987
6969
20813
155865
94189
121567
21377
35031
15371
12565
20813
160611
104876
20378
41699
120319
60049
72403
141212
155865
134853
128829
72403
15371
151548
155865
155572
134853
15371
5771
58957
58849
5771
58957
137761
86916
43351
144487
149065
89281
145283
160617
160626
153207
129688
137105
96319
59152
86916
150919
126073
150919
151602
155076
142359
53607
148418
160345
5641
110305
48043
147931
37755
151718
155076
153609
110305
160586
13861
50172
13492
151118
78962
41088
160542
137299
5785
160542
160345
50172
151118
141212
156147
57612
100823
48129
146013
108327
128829
6700
154135
101866
148185
